0.004430056227636736
0.0032373487817345375
0.002300221502811382
0.0010223206679161698
0.002981768614755495
0.0025558016697904244
0.0007667405009371273
0.0003407735559720566
0.0003407735559720566
0.000596353722951099
0.0001703867779860283
0.0003407735559720566
8.519338899301415e-05
0.0
0.0
8.519338899301415e-05
0.0
0.0
0.0
0.0
8.519338899301415e-05
0.000596353722951099
0.0003407735559720566
0.0005111603339580849
0.0006815471119441132
0.004770829783608792
0.0032373487817345375
0.0013630942238882263
0.001192707445902198
0.001192707445902198
0.00247060828079741
0.0034077355597205657
0.004344862838643721
0.008519338899301414
0.007752598398364287
0.0020446413358323396
0.0025558016697904244
0.005622763673538933
0.006645084341455103
0.012267848014994037
0.008348952121315386
0.010052819901175668
0.0026409950587834383
0.010819560402112797
0.01133072073607088
0.007837791787357301
0.010308400068154712
0.004174476060657693
0.002981768614755495
0.0037485091156926223
0.011075140569091839
0.00596353722951099
0.007752598398364287
0.006304310785483046
0.006985857897427159
0.007326631453399216
0.0075822116203782585
0.011415914125063894
0.008774919066280456
0.005622763673538933
0.007241438064406202
0.00494121656159482
0.006645084341455103
0.011841881070028966
0.006219117396490032
0.006133924007497018
0.005111603339580849
0.015079229851763503
0.007156244675413188
0.007667405009371272
0.0040040892826716645
0.009371272789231555
0.005793150451524962
0.011756687681035952
0.006304310785483046
0.0060487306185040045
0.00494121656159482
0.007156244675413188
0.007156244675413188
0.01090475379110581
0.008689725677287442
0.006304310785483046
0.009967626512182654
0.013630942238882263
0.008263758732322372
0.007667405009371272
0.0034929289487135797
0.011586300903049924
0.00494121656159482
0.0060487306185040045
0.012693814959959106
0.007667405009371272
0.004089282671664679
0.009456466178224569
0.015590390185721588
0.007326631453399216
0.006304310785483046
0.007667405009371272
0.007326631453399216
0.008263758732322372
0.007411824842392231
0.007411824842392231
0.007837791787357301
0.007241438064406202
0.015760776963707618
0.018998125745442154
0.018998125745442154
0.006985857897427159
0.00494121656159482
0.010819560402112797
0.01150110751405691
0.006133924007497018
0.008945305844266485
0.007837791787357301
0.01439768273981939
0.015505196796728574
0.011586300903049924
0.007667405009371272
0.0075822116203782585
0.012693814959959106
0.008008178565343329
0.018912932356449138
0.013971715794854319
0.01150110751405691
0.020616800136309423
0.024620889418981086
0.013716135627875277
0.0039188958936786505
0.0040040892826716645
0.008263758732322372
0.014142102572840348
0.010052819901175668
0.012012267848014993
0.012608621570966093
0.008348952121315386
0.005707957062531947
0.009456466178224569
0.006900664508434145
0.005707957062531947
0.004430056227636736
0.004344862838643721
0.003578122337706594
0.00451524961662975
0.0020446413358323396
