0.0014892032762472078
0.002680565897244974
0.004020848845867461
0.0016381236038719286
0.0017870439314966492
0.0017870439314966492
0.0002978406552494416
0.0002978406552494416
0.0002978406552494416
0.0007446016381236039
0.0002978406552494416
0.0004467609828741623
0.0
0.0002978406552494416
0.0
0.0001489203276247208
0.0
0.0
0.0
0.0
0.0
0.0
0.0
0.0
0.0
0.0
0.0
0.0
0.0002978406552494416
0.0
0.0001489203276247208
0.0001489203276247208
0.0
0.0001489203276247208
0.0001489203276247208
0.0004467609828741623
0.0
0.0004467609828741623
0.0002978406552494416
0.004467609828741623
0.0002978406552494416
0.002084884586746091
0.00387192851824274
0.003425167535368578
0.0010424422933730455
0.00580789277736411
0.005956813104988831
0.006999255398361877
0.002829486224869695
0.0014892032762472078
0.0014892032762472078
0.0014892032762472078
0.002084884586746091
0.0016381236038719286
0.001340282948622487
0.002531645569620253
0.0017870439314966492
0.003127326880119136
0.004318689501116903
0.008190618019359643
0.0023827252419955326
0.002531645569620253
0.005063291139240506
0.0029784065524944155
0.007297096053611318
0.013998510796723753
0.003127326880119136
0.006552494415487714
0.002829486224869695
0.007446016381236039
0.00982874162323157
0.004169769173492182
0.006701414743112435
0.012211466865227104
0.008935219657483246
0.008041697691734922
0.01712583767684289
0.00967982129560685
0.00967982129560685
0.006254653760238272
0.006254653760238272
0.00580789277736411
0.00580789277736411
0.005063291139240506
0.004914370811615785
0.007446016381236039
0.006701414743112435
0.006254653760238272
0.00387192851824274
0.004616530156366344
0.008935219657483246
0.006254653760238272
0.005956813104988831
0.01355174981384959
0.011466865227103499
0.008041697691734922
0.00580789277736411
0.010275502606105734
0.010573343261355174
0.009233060312732688
0.010871183916604616
0.016827997021593447
0.00774385703648548
0.004616530156366344
0.009084139985107967
0.005063291139240506
0.008041697691734922
0.014445271779597915
0.01965748324646314
0.008935219657483246
0.0078927773641102
0.012211466865227104
0.005510052122114669
0.01712583767684289
0.029188384214445272
0.03559195830230826
0.018466120625465376
0.016827997021593447
0.01757259865971705
0.020253164556962026
0.014147431124348473
0.013849590469099032
0.010871183916604616
0.0193596425912137
0.02442293373045421
0.013700670141474311
0.022040208488458675
0.014743112434847357
0.020402084884586745
0.01965748324646314
0.015189873417721518
0.013700670141474311
0.012509307520476545
0.013104988830975429
0.010573343261355174
0.01161578555472822
0.014743112434847357
0.012807148175725987
0.01340282948622487
0.014743112434847357
0.00774385703648548
0.005510052122114669
0.011764705882352941
0.0052122114668652275
