0.008846657929226736
0.007863695937090432
0.00851900393184797
0.0163826998689384
0.012123197903014417
0.01703800786369594
0.019331585845347315
0.014089121887287025
0.005242463958060288
0.011140235910878113
0.01310615989515072
0.010812581913499346
0.010812581913499346
0.016055045871559634
0.012778505897771953
0.0049148099606815205
0.013761467889908258
0.007208387942332897
0.007536041939711665
0.0022935779816513763
0.0036041939711664484
0.0045871559633027525
0.003931847968545216
0.0022935779816513763
0.000327653997378768
0.000655307994757536
0.00163826998689384
0.000327653997378768
0.000655307994757536
0.000327653997378768
0.0
0.0
0.0
0.0
0.0
0.0
0.001310615989515072
0.0
0.0
0.000327653997378768
0.001310615989515072
0.000327653997378768
0.000327653997378768
0.0
0.0
0.000655307994757536
0.00163826998689384
0.001965923984272608
0.00163826998689384
0.005570117955439056
0.012123197903014417
0.001310615989515072
0.000655307994757536
0.001310615989515072
0.003931847968545216
0.00163826998689384
0.000655307994757536
0.00163826998689384
0.000655307994757536
0.001965923984272608
0.000327653997378768
0.002621231979030144
0.0022935779816513763
0.000982961992136304
0.0036041939711664484
0.001310615989515072
0.003931847968545216
0.002948885976408912
0.006880733944954129
0.009174311926605505
0.011140235910878113
0.002621231979030144
0.004259501965923985
0.004259501965923985
0.002948885976408912
0.005570117955439056
0.0049148099606815205
0.0045871559633027525
0.009174311926605505
0.009174311926605505
0.005242463958060288
0.0036041939711664484
0.0049148099606815205
0.002621231979030144
0.002621231979030144
0.005570117955439056
0.005570117955439056
0.005242463958060288
0.00655307994757536
0.010484927916120577
0.008846657929226736
0.005570117955439056
0.007536041939711665
0.00163826998689384
0.003931847968545216
0.005570117955439056
0.006880733944954129
0.003931847968545216
0.007208387942332897
0.0049148099606815205
0.006225425950196592
0.011795543905635648
0.012123197903014417
0.010812581913499346
0.017365661861074706
0.011467889908256881
0.011140235910878113
0.006225425950196592
0.017693315858453473
0.013761467889908258
0.012123197903014417
0.01703800786369594
0.015727391874180863
0.013761467889908258
0.01703800786369594
0.010157273918741808
0.020642201834862386
0.012778505897771953
0.005897771952817824
0.013761467889908258
0.011795543905635648
0.008846657929226736
0.011140235910878113
0.011467889908256881
0.008846657929226736
0.020969855832241154
0.02522935779816514
0.010484927916120577
0.006225425950196592
0.0081913499344692
0.0049148099606815205
0.002948885976408912
0.0045871559633027525
0.012450851900393184
0.005897771952817824
0.007863695937090432
0.019331585845347315
0.01802096985583224
0.0163826998689384
0.013433813892529489
0.006880733944954129
0.007208387942332897
0.008846657929226736
0.010157273918741808
