0.01594746716697936
0.012195121951219513
0.010318949343339587
0.005628517823639775
0.006566604127579738
0.00375234521575985
0.0
0.0
0.0
0.0
0.0
0.0009380863039399625
0.0
0.0
0.0
0.0
0.0
0.0
0.0
0.0
0.0
0.0
0.0
0.0
0.0
0.0
0.0
0.0
0.0
0.0009380863039399625
0.0
0.0
0.001876172607879925
0.0
0.0
0.0009380863039399625
0.0
0.0
0.0009380863039399625
0.0009380863039399625
0.0
0.0
0.0
0.0
0.0
0.0009380863039399625
0.0
0.0009380863039399625
0.0
0.001876172607879925
0.0
0.0009380863039399625
0.0028142589118198874
0.001876172607879925
0.0028142589118198874
0.0009380863039399625
0.004690431519699813
0.0028142589118198874
0.0009380863039399625
0.0028142589118198874
0.0028142589118198874
0.00375234521575985
0.006566604127579738
0.0009380863039399625
0.004690431519699813
0.001876172607879925
0.0009380863039399625
0.005628517823639775
0.00375234521575985
0.00375234521575985
0.0009380863039399625
0.03095684803001876
0.004690431519699813
0.0028142589118198874
0.004690431519699813
0.00375234521575985
0.00375234521575985
0.001876172607879925
0.01125703564727955
0.01594746716697936
0.005628517823639775
0.006566604127579738
0.005628517823639775
0.005628517823639775
0.001876172607879925
0.005628517823639775
0.0028142589118198874
0.0028142589118198874
0.004690431519699813
0.004690431519699813
0.010318949343339587
0.00375234521575985
0.006566604127579738
0.005628517823639775
0.004690431519699813
0.0075046904315197
0.00375234521575985
0.01125703564727955
0.025328330206378986
0.008442776735459663
0.008442776735459663
0.005628517823639775
0.005628517823639775
0.00375234521575985
0.012195121951219513
0.004690431519699813
0.006566604127579738
0.005628517823639775
0.008442776735459663
0.012195121951219513
0.00375234521575985
0.013133208255159476
0.03377110694183865
0.017823639774859287
0.014071294559099437
0.010318949343339587
0.004690431519699813
0.009380863039399626
0.008442776735459663
0.014071294559099437
0.0075046904315197
0.009380863039399626
0.009380863039399626
0.01594746716697936
0.0075046904315197
0.028142589118198873
0.0150093808630394
0.0150093808630394
0.010318949343339587
0.009380863039399626
0.024390243902439025
0.01125703564727955
0.024390243902439025
0.029080675422138838
0.03377110694183865
0.020637898686679174
0.021575984990619138
0.029080675422138838
0.03189493433395872
0.02345215759849906
0.0300187617260788
0.017823639774859287
0.01594746716697936
0.0225140712945591
